task times: 133, 338, 143, 263, 475, 19, 379, 424, 290, 174, 16, 484, 303, 295, 126, 145, 262, 26, 36, 156, 390, 246, 50, 398, 345, 398, 329, 117, 151, 426, 92, 170, 443, 396, 29, 7, 143, 368, 89, 265, 47, 57, 164, 82, 264, 61, 97, 283, 149, 182, 364, 221, 275, 225, 420, 369, 306, 468, 404, 434, 119, 71, 309, 418, 346, 460, 106, 448, 399, 140, 494, 20, 297, 143, 73, 210, 467, 287, 349, 12, 275, 88, 15, 139, 179, 79, 190, 389, 410, 193, 212, 113, 87, 269, 91, 154, 128, 298, 29, 148, 313, 418, 375, 75, 262, 346, 2, 13, 331, 495, 15, 164, 298, 456, 45, 361, 206, 28, 500, 195, 142, 46, 333, 374, 464, 60, 83, 441, 323, 298, 327, 217, 255, 219, 499, 248, 455, 392, 120, 215, 215, 207, 251, 268, 96, 349, 453, 151, 257, 224, 49, 449, 471, 352, 218, 409, 454, 452, 184, 3, 149, 199, 400, 74, 192, 368, 195, 319, 33, 434, 466, 314, 473, 416, 200, 279, 28, 452, 112, 49, 98, 91, 490, 245, 43, 285, 299, 295, 129, 420, 51, 260, 305, 398, 91, 148, 424, 119, 279, 422, 
proc_nr | curr_time | task_nr | task_beg | task_time | task_end
	0	0	0	0	133	133
	1	0	1	0	338	338
	2	0	2	0	143	143
	3	0	3	0	263	263
	4	0	4	0	475	475
	5	0	5	0	19	19
	6	0	6	0	379	379
	7	0	7	0	424	424
	8	0	8	0	290	290
	9	0	9	0	174	174
	10	0	10	0	16	16
	11	0	11	0	484	484
	12	0	12	0	303	303
	13	0	13	0	295	295
	14	0	14	0	126	126
	15	0	15	0	145	145
	16	0	16	0	262	262
	17	0	17	0	26	26
	18	0	18	0	36	36
	19	0	19	0	156	156
	20	0	20	0	390	390
	21	0	21	0	246	246
	22	0	22	0	50	50
	23	0	23	0	398	398
	24	0	24	0	345	345
	25	0	25	0	398	398
	26	0	26	0	329	329
	27	0	27	0	117	117
	28	0	28	0	151	151
	29	0	29	0	426	426
	30	0	30	0	92	92
	31	0	31	0	170	170
	32	0	32	0	443	443
	33	0	33	0	396	396
	34	0	34	0	29	29
	35	0	35	0	7	7
	36	0	36	0	143	143
	37	0	37	0	368	368
	38	0	38	0	89	89
	39	0	39	0	265	265
	40	0	40	0	47	47
	41	0	41	0	57	57
	42	0	42	0	164	164
	43	0	43	0	82	82
	44	0	44	0	264	264
	45	0	45	0	61	61
	46	0	46	0	97	97
	47	0	47	0	283	283
	48	0	48	0	149	149
	49	0	49	0	182	182
	35	7	50	7	364	371
	10	16	51	16	221	237
	5	19	52	19	275	294
	17	26	53	26	225	251
	34	29	54	29	420	449
	18	36	55	36	369	405
	40	47	56	47	306	353
	22	50	57	50	468	518
	41	57	58	57	404	461
	45	61	59	61	434	495
	43	82	60	82	119	201
	38	89	61	89	71	160
	30	92	62	92	309	401
	46	97	63	97	418	515
	27	117	64	117	346	463
	14	126	65	126	460	586
	0	133	66	133	106	239
	2	143	67	143	448	591
	36	143	68	143	399	542
	15	145	69	145	140	285
	48	149	70	149	494	643
	28	151	71	151	20	171
	19	156	72	156	297	453
	38	160	73	160	143	303
	42	164	74	164	73	237
	31	170	75	170	210	380
	28	171	76	171	467	638
	9	174	77	174	287	461
	49	182	78	182	349	531
	43	201	79	201	12	213
	43	213	80	213	275	488
	10	237	81	237	88	325
	42	237	82	237	15	252
	0	239	83	239	139	378
	21	246	84	246	179	425
	17	251	85	251	79	330
	42	252	86	252	190	442
	16	262	87	262	389	651
	3	263	88	263	410	673
	44	264	89	264	193	457
	39	265	90	265	212	477
	47	283	91	283	113	396
	15	285	92	285	87	372
	8	290	93	290	269	559
	5	294	94	294	91	385
	13	295	95	295	154	449
	12	303	96	303	128	431
	38	303	97	303	298	601
	10	325	98	325	29	354
	26	329	99	329	148	477
	17	330	100	330	313	643
	1	338	101	338	418	756
	24	345	102	345	375	720
	40	353	103	353	75	428
	10	354	104	354	262	616
	37	368	105	368	346	714
	35	371	106	371	2	373
	15	372	107	372	13	385
	35	373	108	373	331	704
	0	378	109	378	495	873
	6	379	110	379	15	394
	31	380	111	380	164	544
	5	385	112	385	298	683
	15	385	113	385	456	841
	20	390	114	390	45	435
	6	394	115	394	361	755
	33	396	116	396	206	602
	47	396	117	396	28	424
	23	398	118	398	500	898
	25	398	119	398	195	593
	30	401	120	401	142	543
	18	405	121	405	46	451
	7	424	122	424	333	757
	47	424	123	424	374	798
	21	425	124	425	464	889
	29	426	125	426	60	486
	40	428	126	428	83	511
	12	431	127	431	441	872
	20	435	128	435	323	758
	42	442	129	442	298	740
	32	443	130	443	327	770
	34	449	131	449	217	666
	13	449	132	449	255	704
	18	451	133	451	219	670
	19	453	134	453	499	952
	44	457	135	457	248	705
	41	461	136	461	455	916
	9	461	137	461	392	853
	27	463	138	463	120	583
	4	475	139	475	215	690
	39	477	140	477	215	692
	26	477	141	477	207	684
	11	484	142	484	251	735
	29	486	143	486	268	754
	43	488	144	488	96	584
	45	495	145	495	349	844
	40	511	146	511	453	964
	46	515	147	515	151	666
	22	518	148	518	257	775
	49	531	149	531	224	755
	36	542	150	542	49	591
	30	543	151	543	449	992
	31	544	152	544	471	1015
	8	559	153	559	352	911
	27	583	154	583	218	801
	43	584	155	584	409	993
	14	586	156	586	454	1040
	2	591	157	591	452	1043
	36	591	158	591	184	775
	25	593	159	593	3	596
	25	596	160	596	149	745
	38	601	161	601	199	800
	33	602	162	602	400	1002
	10	616	163	616	74	690
	28	638	164	638	192	830
	48	643	165	643	368	1011
	17	643	166	643	195	838
	16	651	167	651	319	970
	34	666	168	666	33	699
	46	666	169	666	434	1100
	18	670	170	670	466	1136
	3	673	171	673	314	987
	5	683	172	683	473	1156
	26	684	173	684	416	1100
	4	690	174	690	200	890
	10	690	175	690	279	969
	39	692	176	692	28	720
	34	699	177	699	452	1151
	35	704	178	704	112	816
	13	704	179	704	49	753
	44	705	180	705	98	803
	37	714	181	714	91	805
	24	720	182	720	490	1210
	39	720	183	720	245	965
	11	735	184	735	43	778
	42	740	185	740	285	1025
	25	745	186	745	299	1044
	13	753	187	753	295	1048
	29	754	188	754	129	883
	6	755	189	755	420	1175
	49	755	190	755	51	806
	1	756	191	756	260	1016
	7	757	192	757	305	1062
	20	758	193	758	398	1156
	32	770	194	770	91	861
	22	775	195	775	148	923
	36	775	196	775	424	1199
	11	778	197	778	119	897
	47	798	198	798	279	1077
	38	800	199	800	422	1222
1222