task times: 35, 93, 412, 237, 801, 297, 553, 1, 818, 61, 19, 390, 453, 690, 217, 769, 13, 304, 134, 753, 699, 64, 989, 413, 409, 713, 324, 336, 959, 689, 691, 139, 705, 295, 838, 516, 360, 646, 977, 318, 752, 797, 261, 985, 330, 693, 256, 987, 323, 738, 33, 503, 109, 230, 644, 157, 236, 922, 66, 434, 531, 894, 710, 42, 320, 355, 459, 763, 358, 110, 386, 396, 730, 24, 530, 517, 88, 413, 672, 561, 102, 938, 34, 745, 481, 490, 743, 763, 63, 162, 778, 131, 29, 91, 70, 656, 42, 752, 99, 163, 899, 873, 185, 971, 736, 680, 677, 637, 599, 122, 74, 90, 120, 559, 130, 320, 185, 861, 821, 350, 635, 698, 857, 650, 508, 73, 891, 974, 246, 784, 989, 979, 384, 87, 809, 940, 971, 587, 420, 606, 104, 827, 630, 30, 360, 75, 793, 916, 188, 168, 440, 358, 606, 914, 882, 224, 624, 833, 87, 451, 523, 401, 2, 787, 115, 944, 711, 894, 617, 922, 656, 466, 905, 42, 995, 302, 22, 380, 830, 459, 290, 432, 181, 764, 154, 546, 299, 468, 97, 632, 359, 239, 915, 908, 185, 172, 389, 67, 838, 353, 308, 749, 920, 568, 907, 245, 617, 752, 985, 723, 457, 263, 123, 184, 654, 167, 133, 450, 196, 470, 246, 705, 902, 883, 677, 729, 691, 333, 407, 121, 460, 766, 355, 251, 620, 40, 311, 189, 969, 159, 115, 168, 299, 111, 151, 919, 259, 327, 849, 369, 606, 167, 225, 787, 466, 621, 513, 640, 79, 478, 431, 506, 105, 508, 821, 198, 342, 859, 987, 362, 547, 224, 723, 970, 388, 636, 974, 172, 883, 5, 589, 633, 665, 805, 250, 117, 523, 392, 879, 72, 86, 128, 327, 590, 22, 419, 988, 476, 76, 776, 801, 220, 870, 349, 873, 971, 627, 13, 184, 680, 207, 584, 857, 224, 916, 411, 671, 904, 642, 521, 143, 507, 88, 882, 21, 245, 323, 196, 47, 398, 918, 855, 752, 491, 483, 325, 541, 361, 329, 498, 813, 219, 703, 376, 836, 943, 79, 318, 137, 92, 343, 802, 889, 383, 100, 884, 275, 846, 71, 765, 942, 324, 909, 473, 671, 638, 185, 409, 920, 221, 981, 123, 885, 229, 330, 157, 696, 14, 212, 712, 128, 433, 473, 186, 453, 421, 10, 55, 984, 738, 891, 753, 833, 501, 728, 549, 224, 326, 337, 15, 184, 983, 944, 233, 328, 726, 72, 96, 588, 244, 848, 248, 492, 575, 368, 321, 852, 996, 652, 394, 804, 769, 430, 405, 792, 835, 929, 83, 138, 795, 787, 25, 726, 966, 218, 483, 367, 925, 242, 592, 808, 562, 862, 966, 142, 973, 158, 16, 316, 374, 495, 981, 527, 59, 825, 203, 411, 276, 469, 315, 277, 949, 406, 943, 618, 844, 978, 305, 824, 12, 872, 670, 404, 249, 68, 915, 588, 820, 992, 774, 526, 169, 886, 137, 544, 160, 4, 250, 962, 969, 486, 638, 801, 732, 626, 735, 149, 407, 272, 980, 893, 977, 17, 817, 409, 7, 618, 454, 640, 508, 281, 28, 147, 815, 575, 796, 777, 431, 454, 650, 933, 874, 988, 915, 470, 287, 369, 299, 589, 568, 558, 563, 524, 13, 526, 913, 533, 588, 377, 23, 8, 237, 991, 136, 57, 702, 490, 904, 50, 666, 151, 132, 28, 71, 391, 91, 108, 799, 344, 459, 660, 359, 697, 422, 575, 47, 270, 838, 705, 170, 81, 71, 934, 407, 42, 620, 50, 502, 432, 253, 945, 927, 328, 119, 632, 527, 517, 421, 907, 652, 522, 965, 296, 164, 196, 238, 964, 513, 146, 561, 301, 976, 105, 661, 256, 385, 987, 463, 668, 313, 609, 410, 719, 783, 777, 732, 647, 332, 297, 241, 891, 270, 660, 499, 883, 487, 196, 234, 445, 345, 74, 817, 450, 189, 234, 865, 416, 349, 26, 42, 441, 582, 100, 255, 388, 769, 777, 481, 123, 388, 601, 127, 380, 509, 777, 437, 20, 487, 252, 178, 601, 448, 461, 966, 190, 42, 427, 68, 685, 673, 990, 964, 40, 876, 930, 980, 336, 159, 937, 112, 394, 560, 942, 504, 599, 265, 679, 545, 523, 373, 90, 919, 616, 230, 44, 297, 547, 887, 981, 965, 167, 470, 432, 461, 657, 116, 226, 554, 548, 263, 585, 993, 174, 992, 471, 875, 530, 401, 430, 57, 423, 545, 774, 615, 506, 603, 814, 329, 991, 731, 135, 796, 798, 123, 927, 230, 164, 574, 61, 792, 70, 595, 608, 954, 693, 483, 980, 216, 63, 54, 887, 364, 202, 451, 81, 437, 351, 215, 251, 438, 516, 168, 770, 881, 346, 986, 76, 126, 417, 713, 378, 286, 552, 401, 614, 757, 865, 187, 207, 656, 612, 792, 162, 323, 555, 194, 123, 398, 599, 681, 397, 233, 721, 676, 174, 85, 947, 913, 271, 701, 184, 279, 762, 941, 704, 201, 308, 89, 353, 910, 222, 794, 499, 991, 158, 413, 394, 1000, 723, 60, 762, 890, 314, 17, 262, 88, 506, 47, 265, 497, 927, 435, 753, 670, 204, 204, 608, 253, 114, 799, 733, 509, 273, 846, 802, 994, 268, 578, 79, 211, 810, 526, 952, 466, 322, 950, 939, 356, 335, 256, 868, 66, 948, 969, 860, 175, 338, 603, 407, 779, 247, 198, 564, 32, 17, 37, 971, 115, 443, 458, 955, 988, 720, 444, 345, 769, 534, 424, 71, 552, 404, 974, 852, 452, 799, 406, 153, 666, 969, 443, 76, 277, 948, 990, 856, 342, 749, 438, 821, 936, 660, 86, 44, 683, 195, 311, 253, 663, 318, 528, 124, 868, 562, 779, 914, 991, 200, 243, 800, 367, 547, 107, 193, 209, 480, 344, 368, 961, 175, 129, 464, 778, 151, 189, 123, 464, 390, 398, 517, 211, 65, 973, 81, 615, 832, 791, 884, 986, 894, 438, 417, 694, 624, 523, 165, 544, 132, 818, 773, 455, 868, 38, 612, 697, 403, 191, 112, 386, 327, 522, 343, 287, 959, 704, 375, 458, 647, 976, 355, 246, 418, 345, 69, 342, 231, 163, 232, 753, 448, 206, 
proc_nr | curr_time | task_nr | task_beg | task_time | task_end
	0	0	0	0	35	35
	1	0	1	0	93	93
	2	0	2	0	412	412
	3	0	3	0	237	237
	4	0	4	0	801	801
	5	0	5	0	297	297
	6	0	6	0	553	553
	7	0	7	0	1	1
	8	0	8	0	818	818
	9	0	9	0	61	61
	10	0	10	0	19	19
	11	0	11	0	390	390
	12	0	12	0	453	453
	13	0	13	0	690	690
	14	0	14	0	217	217
	15	0	15	0	769	769
	16	0	16	0	13	13
	17	0	17	0	304	304
	18	0	18	0	134	134
	19	0	19	0	753	753
	20	0	20	0	699	699
	21	0	21	0	64	64
	22	0	22	0	989	989
	23	0	23	0	413	413
	24	0	24	0	409	409
	25	0	25	0	713	713
	26	0	26	0	324	324
	27	0	27	0	336	336
	28	0	28	0	959	959
	29	0	29	0	689	689
	30	0	30	0	691	691
	31	0	31	0	139	139
	32	0	32	0	705	705
	33	0	33	0	295	295
	34	0	34	0	838	838
	35	0	35	0	516	516
	36	0	36	0	360	360
	37	0	37	0	646	646
	38	0	38	0	977	977
	39	0	39	0	318	318
	40	0	40	0	752	752
	41	0	41	0	797	797
	42	0	42	0	261	261
	43	0	43	0	985	985
	44	0	44	0	330	330
	45	0	45	0	693	693
	46	0	46	0	256	256
	47	0	47	0	987	987
	48	0	48	0	323	323
	49	0	49	0	738	738
	7	1	50	1	33	34
	16	13	51	13	503	516
	10	19	52	19	109	128
	7	34	53	34	230	264
	0	35	54	35	644	679
	9	61	55	61	157	218
	21	64	56	64	236	300
	1	93	57	93	922	1015
	10	128	58	128	66	194
	18	134	59	134	434	568
	31	139	60	139	531	670
	10	194	61	194	894	1088
	14	217	62	217	710	927
	9	218	63	218	42	260
	3	237	64	237	320	557
	46	256	65	256	355	611
	9	260	66	260	459	719
	42	261	67	261	763	1024
	7	264	68	264	358	622
	33	295	69	295	110	405
	5	297	70	297	386	683
	21	300	71	300	396	696
	17	304	72	304	730	1034
	39	318	73	318	24	342
	48	323	74	323	530	853
	26	324	75	324	517	841
	44	330	76	330	88	418
	27	336	77	336	413	749
	39	342	78	342	672	1014
	36	360	79	360	561	921
	11	390	80	390	102	492
	33	405	81	405	938	1343
	24	409	82	409	34	443
	2	412	83	412	745	1157
	23	413	84	413	481	894
	44	418	85	418	490	908
	24	443	86	443	743	1186
	12	453	87	453	763	1216
	11	492	88	492	63	555
	35	516	89	516	162	678
	16	516	90	516	778	1294
	6	553	91	553	131	684
	11	555	92	555	29	584
	3	557	93	557	91	648
	18	568	94	568	70	638
	11	584	95	584	656	1240
	46	611	96	611	42	653
	7	622	97	622	752	1374
	18	638	98	638	99	737
	37	646	99	646	163	809
	3	648	100	648	899	1547
	46	653	101	653	873	1526
	31	670	102	670	185	855
	35	678	103	678	971	1649
	0	679	104	679	736	1415
	5	683	105	683	680	1363
	6	684	106	684	677	1361
	29	689	107	689	637	1326
	13	690	108	690	599	1289
	30	691	109	691	122	813
	45	693	110	693	74	767
	21	696	111	696	90	786
	20	699	112	699	120	819
	32	705	113	705	559	1264
	25	713	114	713	130	843
	9	719	115	719	320	1039
	18	737	116	737	185	922
	49	738	117	738	861	1599
	27	749	118	749	821	1570
	40	752	119	752	350	1102
	19	753	120	753	635	1388
	45	767	121	767	698	1465
	15	769	122	769	857	1626
	21	786	123	786	650	1436
	41	797	124	797	508	1305
	4	801	125	801	73	874
	37	809	126	809	891	1700
	30	813	127	813	974	1787
	8	818	128	818	246	1064
	20	819	129	819	784	1603
	34	838	130	838	989	1827
	26	841	131	841	979	1820
	25	843	132	843	384	1227
	48	853	133	853	87	940
	31	855	134	855	809	1664
	4	874	135	874	940	1814
	23	894	136	894	971	1865
	44	908	137	908	587	1495
	36	921	138	921	420	1341
	18	922	139	922	606	1528
	14	927	140	927	104	1031
	48	940	141	940	827	1767
	28	959	142	959	630	1589
	38	977	143	977	30	1007
	43	985	144	985	360	1345
	47	987	145	987	75	1062
	22	989	146	989	793	1782
	38	1007	147	1007	916	1923
	39	1014	148	1014	188	1202
	1	1015	149	1015	168	1183
	42	1024	150	1024	440	1464
	14	1031	151	1031	358	1389
	17	1034	152	1034	606	1640
	9	1039	153	1039	914	1953
	47	1062	154	1062	882	1944
	8	1064	155	1064	224	1288
	10	1088	156	1088	624	1712
	40	1102	157	1102	833	1935
	2	1157	158	1157	87	1244
	1	1183	159	1183	451	1634
	24	1186	160	1186	523	1709
	39	1202	161	1202	401	1603
	12	1216	162	1216	2	1218
	12	1218	163	1218	787	2005
	25	1227	164	1227	115	1342
	11	1240	165	1240	944	2184
	2	1244	166	1244	711	1955
	32	1264	167	1264	894	2158
	8	1288	168	1288	617	1905
	13	1289	169	1289	922	2211
	16	1294	170	1294	656	1950
	41	1305	171	1305	466	1771
	29	1326	172	1326	905	2231
	36	1341	173	1341	42	1383
	25	1342	174	1342	995	2337
	33	1343	175	1343	302	1645
	43	1345	176	1345	22	1367
	6	1361	177	1361	380	1741
	5	1363	178	1363	830	2193
	43	1367	179	1367	459	1826
	7	1374	180	1374	290	1664
	36	1383	181	1383	432	1815
	19	1388	182	1388	181	1569
	14	1389	183	1389	764	2153
	0	1415	184	1415	154	1569
	21	1436	185	1436	546	1982
	42	1464	186	1464	299	1763
	45	1465	187	1465	468	1933
	44	1495	188	1495	97	1592
	46	1526	189	1526	632	2158
	18	1528	190	1528	359	1887
	3	1547	191	1547	239	1786
	19	1569	192	1569	915	2484
	0	1569	193	1569	908	2477
	27	1570	194	1570	185	1755
	28	1589	195	1589	172	1761
	44	1592	196	1592	389	1981
	49	1599	197	1599	67	1666
	20	1603	198	1603	838	2441
	39	1603	199	1603	353	1956
	15	1626	200	1626	308	1934
	1	1634	201	1634	749	2383
	17	1640	202	1640	920	2560
	33	1645	203	1645	568	2213
	35	1649	204	1649	907	2556
	31	1664	205	1664	245	1909
	7	1664	206	1664	617	2281
	49	1666	207	1666	752	2418
	37	1700	208	1700	985	2685
	24	1709	209	1709	723	2432
	10	1712	210	1712	457	2169
	6	1741	211	1741	263	2004
	27	1755	212	1755	123	1878
	28	1761	213	1761	184	1945
	42	1763	214	1763	654	2417
	48	1767	215	1767	167	1934
	41	1771	216	1771	133	1904
	22	1782	217	1782	450	2232
	3	1786	218	1786	196	1982
	30	1787	219	1787	470	2257
	4	1814	220	1814	246	2060
	36	1815	221	1815	705	2520
	26	1820	222	1820	902	2722
	43	1826	223	1826	883	2709
	34	1827	224	1827	677	2504
	23	1865	225	1865	729	2594
	27	1878	226	1878	691	2569
	18	1887	227	1887	333	2220
	41	1904	228	1904	407	2311
	8	1905	229	1905	121	2026
	31	1909	230	1909	460	2369
	38	1923	231	1923	766	2689
	45	1933	232	1933	355	2288
	15	1934	233	1934	251	2185
	48	1934	234	1934	620	2554
	40	1935	235	1935	40	1975
	47	1944	236	1944	311	2255
	28	1945	237	1945	189	2134
	16	1950	238	1950	969	2919
	9	1953	239	1953	159	2112
	2	1955	240	1955	115	2070
	39	1956	241	1956	168	2124
	40	1975	242	1975	299	2274
	44	1981	243	1981	111	2092
	21	1982	244	1982	151	2133
	3	1982	245	1982	919	2901
	6	2004	246	2004	259	2263
	12	2005	247	2005	327	2332
	8	2026	248	2026	849	2875
	4	2060	249	2060	369	2429
	2	2070	250	2070	606	2676
	44	2092	251	2092	167	2259
	9	2112	252	2112	225	2337
	39	2124	253	2124	787	2911
	21	2133	254	2133	466	2599
	28	2134	255	2134	621	2755
	14	2153	256	2153	513	2666
	32	2158	257	2158	640	2798
	46	2158	258	2158	79	2237
	10	2169	259	2169	478	2647
	11	2184	260	2184	431	2615
	15	2185	261	2185	506	2691
	5	2193	262	2193	105	2298
	13	2211	263	2211	508	2719
	33	2213	264	2213	821	3034
	18	2220	265	2220	198	2418
	29	2231	266	2231	342	2573
	22	2232	267	2232	859	3091
	46	2237	268	2237	987	3224
	47	2255	269	2255	362	2617
	30	2257	270	2257	547	2804
	44	2259	271	2259	224	2483
	6	2263	272	2263	723	2986
	40	2274	273	2274	970	3244
	7	2281	274	2281	388	2669
	45	2288	275	2288	636	2924
	5	2298	276	2298	974	3272
	41	2311	277	2311	172	2483
	12	2332	278	2332	883	3215
	25	2337	279	2337	5	2342
	9	2337	280	2337	589	2926
	25	2342	281	2342	633	2975
	31	2369	282	2369	665	3034
	1	2383	283	2383	805	3188
	42	2417	284	2417	250	2667
	49	2418	285	2418	117	2535
	18	2418	286	2418	523	2941
	4	2429	287	2429	392	2821
	24	2432	288	2432	879	3311
	20	2441	289	2441	72	2513
	0	2477	290	2477	86	2563
	44	2483	291	2483	128	2611
	41	2483	292	2483	327	2810
	19	2484	293	2484	590	3074
	34	2504	294	2504	22	2526
	20	2513	295	2513	419	2932
	36	2520	296	2520	988	3508
	34	2526	297	2526	476	3002
	49	2535	298	2535	76	2611
	48	2554	299	2554	776	3330
	35	2556	300	2556	801	3357
	17	2560	301	2560	220	2780
	0	2563	302	2563	870	3433
	27	2569	303	2569	349	2918
	29	2573	304	2573	873	3446
	23	2594	305	2594	971	3565
	21	2599	306	2599	627	3226
	44	2611	307	2611	13	2624
	49	2611	308	2611	184	2795
	11	2615	309	2615	680	3295
	47	2617	310	2617	207	2824
	44	2624	311	2624	584	3208
	10	2647	312	2647	857	3504
	14	2666	313	2666	224	2890
	42	2667	314	2667	916	3583
	7	2669	315	2669	411	3080
	2	2676	316	2676	671	3347
	37	2685	317	2685	904	3589
	38	2689	318	2689	642	3331
	15	2691	319	2691	521	3212
	43	2709	320	2709	143	2852
	13	2719	321	2719	507	3226
	26	2722	322	2722	88	2810
	28	2755	323	2755	882	3637
	17	2780	324	2780	21	2801
	49	2795	325	2795	245	3040
	32	2798	326	2798	323	3121
	17	2801	327	2801	196	2997
	30	2804	328	2804	47	2851
	41	2810	329	2810	398	3208
	26	2810	330	2810	918	3728
	4	2821	331	2821	855	3676
	47	2824	332	2824	752	3576
	30	2851	333	2851	491	3342
	43	2852	334	2852	483	3335
	8	2875	335	2875	325	3200
	14	2890	336	2890	541	3431
	3	2901	337	2901	361	3262
	39	2911	338	2911	329	3240
	27	2918	339	2918	498	3416
	16	2919	340	2919	813	3732
	45	2924	341	2924	219	3143
	9	2926	342	2926	703	3629
	20	2932	343	2932	376	3308
	18	2941	344	2941	836	3777
	25	2975	345	2975	943	3918
	6	2986	346	2986	79	3065
	17	2997	347	2997	318	3315
	34	3002	348	3002	137	3139
	33	3034	349	3034	92	3126
	31	3034	350	3034	343	3377
	49	3040	351	3040	802	3842
	6	3065	352	3065	889	3954
	19	3074	353	3074	383	3457
	7	3080	354	3080	100	3180
	22	3091	355	3091	884	3975
	32	3121	356	3121	275	3396
	33	3126	357	3126	846	3972
	34	3139	358	3139	71	3210
	45	3143	359	3143	765	3908
	7	3180	360	3180	942	4122
	1	3188	361	3188	324	3512
	8	3200	362	3200	909	4109
	44	3208	363	3208	473	3681
	41	3208	364	3208	671	3879
	34	3210	365	3210	638	3848
	15	3212	366	3212	185	3397
	12	3215	367	3215	409	3624
	46	3224	368	3224	920	4144
	21	3226	369	3226	221	3447
	13	3226	370	3226	981	4207
	39	3240	371	3240	123	3363
	40	3244	372	3244	885	4129
	3	3262	373	3262	229	3491
	5	3272	374	3272	330	3602
	11	3295	375	3295	157	3452
	20	3308	376	3308	696	4004
	24	3311	377	3311	14	3325
	17	3315	378	3315	212	3527
	24	3325	379	3325	712	4037
	48	3330	380	3330	128	3458
	38	3331	381	3331	433	3764
	43	3335	382	3335	473	3808
	30	3342	383	3342	186	3528
	2	3347	384	3347	453	3800
	35	3357	385	3357	421	3778
	39	3363	386	3363	10	3373
	39	3373	387	3373	55	3428
	31	3377	388	3377	984	4361
	32	3396	389	3396	738	4134
	15	3397	390	3397	891	4288
	27	3416	391	3416	753	4169
	39	3428	392	3428	833	4261
	14	3431	393	3431	501	3932
	0	3433	394	3433	728	4161
	29	3446	395	3446	549	3995
	21	3447	396	3447	224	3671
	11	3452	397	3452	326	3778
	19	3457	398	3457	337	3794
	48	3458	399	3458	15	3473
	48	3473	400	3473	184	3657
	3	3491	401	3491	983	4474
	10	3504	402	3504	944	4448
	36	3508	403	3508	233	3741
	1	3512	404	3512	328	3840
	17	3527	405	3527	726	4253
	30	3528	406	3528	72	3600
	23	3565	407	3565	96	3661
	47	3576	408	3576	588	4164
	42	3583	409	3583	244	3827
	37	3589	410	3589	848	4437
	30	3600	411	3600	248	3848
	5	3602	412	3602	492	4094
	12	3624	413	3624	575	4199
	9	3629	414	3629	368	3997
	28	3637	415	3637	321	3958
	48	3657	416	3657	852	4509
	23	3661	417	3661	996	4657
	21	3671	418	3671	652	4323
	4	3676	419	3676	394	4070
	44	3681	420	3681	804	4485
	26	3728	421	3728	769	4497
	16	3732	422	3732	430	4162
	36	3741	423	3741	405	4146
	38	3764	424	3764	792	4556
	18	3777	425	3777	835	4612
	35	3778	426	3778	929	4707
	11	3778	427	3778	83	3861
	19	3794	428	3794	138	3932
	2	3800	429	3800	795	4595
	43	3808	430	3808	787	4595
	42	3827	431	3827	25	3852
	1	3840	432	3840	726	4566
	49	3842	433	3842	966	4808
	34	3848	434	3848	218	4066
	30	3848	435	3848	483	4331
	42	3852	436	3852	367	4219
	11	3861	437	3861	925	4786
	41	3879	438	3879	242	4121
	45	3908	439	3908	592	4500
	25	3918	440	3918	808	4726
	14	3932	441	3932	562	4494
	19	3932	442	3932	862	4794
	6	3954	443	3954	966	4920
	28	3958	444	3958	142	4100
	33	3972	445	3972	973	4945
	22	3975	446	3975	158	4133
	29	3995	447	3995	16	4011
	9	3997	448	3997	316	4313
	20	4004	449	4004	374	4378
	29	4011	450	4011	495	4506
	24	4037	451	4037	981	5018
	34	4066	452	4066	527	4593
	4	4070	453	4070	59	4129
	5	4094	454	4094	825	4919
	28	4100	455	4100	203	4303
	8	4109	456	4109	411	4520
	41	4121	457	4121	276	4397
	7	4122	458	4122	469	4591
	40	4129	459	4129	315	4444
	4	4129	460	4129	277	4406
	22	4133	461	4133	949	5082
	32	4134	462	4134	406	4540
	46	4144	463	4144	943	5087
	36	4146	464	4146	618	4764
	0	4161	465	4161	844	5005
	16	4162	466	4162	978	5140
	47	4164	467	4164	305	4469
	27	4169	468	4169	824	4993
	12	4199	469	4199	12	4211
	13	4207	470	4207	872	5079
	12	4211	471	4211	670	4881
	42	4219	472	4219	404	4623
	17	4253	473	4253	249	4502
	39	4261	474	4261	68	4329
	15	4288	475	4288	915	5203
	28	4303	476	4303	588	4891
	9	4313	477	4313	820	5133
	21	4323	478	4323	992	5315
	39	4329	479	4329	774	5103
	30	4331	480	4331	526	4857
	31	4361	481	4361	169	4530
	20	4378	482	4378	886	5264
	41	4397	483	4397	137	4534
	4	4406	484	4406	544	4950
	37	4437	485	4437	160	4597
	40	4444	486	4444	4	4448
	10	4448	487	4448	250	4698
	40	4448	488	4448	962	5410
	47	4469	489	4469	969	5438
	3	4474	490	4474	486	4960
	44	4485	491	4485	638	5123
	14	4494	492	4494	801	5295
	26	4497	493	4497	732	5229
	45	4500	494	4500	626	5126
	17	4502	495	4502	735	5237
	29	4506	496	4506	149	4655
	48	4509	497	4509	407	4916
	8	4520	498	4520	272	4792
	31	4530	499	4530	980	5510
	41	4534	500	4534	893	5427
	32	4540	501	4540	977	5517
	38	4556	502	4556	17	4573
	1	4566	503	4566	817	5383
	38	4573	504	4573	409	4982
	7	4591	505	4591	7	4598
	34	4593	506	4593	618	5211
	2	4595	507	4595	454	5049
	43	4595	508	4595	640	5235
	37	4597	509	4597	508	5105
	7	4598	510	4598	281	4879
	18	4612	511	4612	28	4640
	42	4623	512	4623	147	4770
	18	4640	513	4640	815	5455
	29	4655	514	4655	575	5230
	23	4657	515	4657	796	5453
	10	4698	516	4698	777	5475
	35	4707	517	4707	431	5138
	25	4726	518	4726	454	5180
	36	4764	519	4764	650	5414
	42	4770	520	4770	933	5703
	11	4786	521	4786	874	5660
	8	4792	522	4792	988	5780
	19	4794	523	4794	915	5709
	49	4808	524	4808	470	5278
	30	4857	525	4857	287	5144
	7	4879	526	4879	369	5248
	12	4881	527	4881	299	5180
	28	4891	528	4891	589	5480
	48	4916	529	4916	568	5484
	5	4919	530	4919	558	5477
	6	4920	531	4920	563	5483
	33	4945	532	4945	524	5469
	4	4950	533	4950	13	4963
	3	4960	534	4960	526	5486
	4	4963	535	4963	913	5876
	38	4982	536	4982	533	5515
	27	4993	537	4993	588	5581
	0	5005	538	5005	377	5382
	24	5018	539	5018	23	5041
	24	5041	540	5041	8	5049
	2	5049	541	5049	237	5286
	24	5049	542	5049	991	6040
	13	5079	543	5079	136	5215
	22	5082	544	5082	57	5139
	46	5087	545	5087	702	5789
	39	5103	546	5103	490	5593
	37	5105	547	5105	904	6009
	44	5123	548	5123	50	5173
	45	5126	549	5126	666	5792
	9	5133	550	5133	151	5284
	35	5138	551	5138	132	5270
	22	5139	552	5139	28	5167
	16	5140	553	5140	71	5211
	30	5144	554	5144	391	5535
	22	5167	555	5167	91	5258
	44	5173	556	5173	108	5281
	25	5180	557	5180	799	5979
	12	5180	558	5180	344	5524
	15	5203	559	5203	459	5662
	34	5211	560	5211	660	5871
	16	5211	561	5211	359	5570
	13	5215	562	5215	697	5912
	26	5229	563	5229	422	5651
	29	5230	564	5230	575	5805
	43	5235	565	5235	47	5282
	17	5237	566	5237	270	5507
	7	5248	567	5248	838	6086
	22	5258	568	5258	705	5963
	20	5264	569	5264	170	5434
	35	5270	570	5270	81	5351
	49	5278	571	5278	71	5349
	44	5281	572	5281	934	6215
	43	5282	573	5282	407	5689
	9	5284	574	5284	42	5326
	2	5286	575	5286	620	5906
	14	5295	576	5295	50	5345
	21	5315	577	5315	502	5817
	9	5326	578	5326	432	5758
	14	5345	579	5345	253	5598
	49	5349	580	5349	945	6294
	35	5351	581	5351	927	6278
	0	5382	582	5382	328	5710
	1	5383	583	5383	119	5502
	40	5410	584	5410	632	6042
	36	5414	585	5414	527	5941
	41	5427	586	5427	517	5944
	20	5434	587	5434	421	5855
	47	5438	588	5438	907	6345
	23	5453	589	5453	652	6105
	18	5455	590	5455	522	5977
	33	5469	591	5469	965	6434
	10	5475	592	5475	296	5771
	5	5477	593	5477	164	5641
	28	5480	594	5480	196	5676
	6	5483	595	5483	238	5721
	48	5484	596	5484	964	6448
	3	5486	597	5486	513	5999
	1	5502	598	5502	146	5648
	17	5507	599	5507	561	6068
	31	5510	600	5510	301	5811
	38	5515	601	5515	976	6491
	32	5517	602	5517	105	5622
	12	5524	603	5524	661	6185
	30	5535	604	5535	256	5791
	16	5570	605	5570	385	5955
	27	5581	606	5581	987	6568
	39	5593	607	5593	463	6056
	14	5598	608	5598	668	6266
	32	5622	609	5622	313	5935
	5	5641	610	5641	609	6250
	1	5648	611	5648	410	6058
	26	5651	612	5651	719	6370
	11	5660	613	5660	783	6443
	15	5662	614	5662	777	6439
	28	5676	615	5676	732	6408
	43	5689	616	5689	647	6336
	42	5703	617	5703	332	6035
	19	5709	618	5709	297	6006
	0	5710	619	5710	241	5951
	6	5721	620	5721	891	6612
	9	5758	621	5758	270	6028
	10	5771	622	5771	660	6431
	8	5780	623	5780	499	6279
	46	5789	624	5789	883	6672
	30	5791	625	5791	487	6278
	45	5792	626	5792	196	5988
	29	5805	627	5805	234	6039
	31	5811	628	5811	445	6256
	21	5817	629	5817	345	6162
	20	5855	630	5855	74	5929
	34	5871	631	5871	817	6688
	4	5876	632	5876	450	6326
	2	5906	633	5906	189	6095
	13	5912	634	5912	234	6146
	20	5929	635	5929	865	6794
	32	5935	636	5935	416	6351
	36	5941	637	5941	349	6290
	41	5944	638	5944	26	5970
	0	5951	639	5951	42	5993
	16	5955	640	5955	441	6396
	22	5963	641	5963	582	6545
	41	5970	642	5970	100	6070
	18	5977	643	5977	255	6232
	25	5979	644	5979	388	6367
	45	5988	645	5988	769	6757
	0	5993	646	5993	777	6770
	3	5999	647	5999	481	6480
	19	6006	648	6006	123	6129
	37	6009	649	6009	388	6397
	9	6028	650	6028	601	6629
	42	6035	651	6035	127	6162
	29	6039	652	6039	380	6419
	24	6040	653	6040	509	6549
	40	6042	654	6042	777	6819
	39	6056	655	6056	437	6493
	1	6058	656	6058	20	6078
	17	6068	657	6068	487	6555
	41	6070	658	6070	252	6322
	1	6078	659	6078	178	6256
	7	6086	660	6086	601	6687
	2	6095	661	6095	448	6543
	23	6105	662	6105	461	6566
	19	6129	663	6129	966	7095
	13	6146	664	6146	190	6336
	21	6162	665	6162	42	6204
	42	6162	666	6162	427	6589
	12	6185	667	6185	68	6253
	21	6204	668	6204	685	6889
	44	6215	669	6215	673	6888
	18	6232	670	6232	990	7222
	5	6250	671	6250	964	7214
	12	6253	672	6253	40	6293
	31	6256	673	6256	876	7132
	1	6256	674	6256	930	7186
	14	6266	675	6266	980	7246
	35	6278	676	6278	336	6614
	30	6278	677	6278	159	6437
	8	6279	678	6279	937	7216
	36	6290	679	6290	112	6402
	12	6293	680	6293	394	6687
	49	6294	681	6294	560	6854
	41	6322	682	6322	942	7264
	4	6326	683	6326	504	6830
	43	6336	684	6336	599	6935
	13	6336	685	6336	265	6601
	47	6345	686	6345	679	7024
	32	6351	687	6351	545	6896
	25	6367	688	6367	523	6890
	26	6370	689	6370	373	6743
	16	6396	690	6396	90	6486
	37	6397	691	6397	919	7316
	36	6402	692	6402	616	7018
	28	6408	693	6408	230	6638
	29	6419	694	6419	44	6463
	10	6431	695	6431	297	6728
	33	6434	696	6434	547	6981
	30	6437	697	6437	887	7324
	15	6439	698	6439	981	7420
	11	6443	699	6443	965	7408
	48	6448	700	6448	167	6615
	29	6463	701	6463	470	6933
	3	6480	702	6480	432	6912
	16	6486	703	6486	461	6947
	38	6491	704	6491	657	7148
	39	6493	705	6493	116	6609
	2	6543	706	6543	226	6769
	22	6545	707	6545	554	7099
	24	6549	708	6549	548	7097
	17	6555	709	6555	263	6818
	23	6566	710	6566	585	7151
	27	6568	711	6568	993	7561
	42	6589	712	6589	174	6763
	13	6601	713	6601	992	7593
	39	6609	714	6609	471	7080
	6	6612	715	6612	875	7487
	35	6614	716	6614	530	7144
	48	6615	717	6615	401	7016
	9	6629	718	6629	430	7059
	28	6638	719	6638	57	6695
	46	6672	720	6672	423	7095
	7	6687	721	6687	545	7232
	12	6687	722	6687	774	7461
	34	6688	723	6688	615	7303
	28	6695	724	6695	506	7201
	10	6728	725	6728	603	7331
	26	6743	726	6743	814	7557
	45	6757	727	6757	329	7086
	42	6763	728	6763	991	7754
	2	6769	729	6769	731	7500
	0	6770	730	6770	135	6905
	20	6794	731	6794	796	7590
	17	6818	732	6818	798	7616
	40	6819	733	6819	123	6942
	4	6830	734	6830	927	7757
	49	6854	735	6854	230	7084
	44	6888	736	6888	164	7052
	21	6889	737	6889	574	7463
	25	6890	738	6890	61	6951
	32	6896	739	6896	792	7688
	0	6905	740	6905	70	6975
	3	6912	741	6912	595	7507
	29	6933	742	6933	608	7541
	43	6935	743	6935	954	7889
	40	6942	744	6942	693	7635
	16	6947	745	6947	483	7430
	25	6951	746	6951	980	7931
	0	6975	747	6975	216	7191
	33	6981	748	6981	63	7044
	48	7016	749	7016	54	7070
	36	7018	750	7018	887	7905
	47	7024	751	7024	364	7388
	33	7044	752	7044	202	7246
	44	7052	753	7052	451	7503
	9	7059	754	7059	81	7140
	48	7070	755	7070	437	7507
	39	7080	756	7080	351	7431
	49	7084	757	7084	215	7299
	45	7086	758	7086	251	7337
	19	7095	759	7095	438	7533
	46	7095	760	7095	516	7611
	24	7097	761	7097	168	7265
	22	7099	762	7099	770	7869
	31	7132	763	7132	881	8013
	9	7140	764	7140	346	7486
	35	7144	765	7144	986	8130
	38	7148	766	7148	76	7224
	23	7151	767	7151	126	7277
	1	7186	768	7186	417	7603
	0	7191	769	7191	713	7904
	28	7201	770	7201	378	7579
	5	7214	771	7214	286	7500
	8	7216	772	7216	552	7768
	18	7222	773	7222	401	7623
	38	7224	774	7224	614	7838
	7	7232	775	7232	757	7989
	14	7246	776	7246	865	8111
	33	7246	777	7246	187	7433
	41	7264	778	7264	207	7471
	24	7265	779	7265	656	7921
	23	7277	780	7277	612	7889
	49	7299	781	7299	792	8091
	34	7303	782	7303	162	7465
	37	7316	783	7316	323	7639
	30	7324	784	7324	555	7879
	10	7331	785	7331	194	7525
	45	7337	786	7337	123	7460
	47	7388	787	7388	398	7786
	11	7408	788	7408	599	8007
	15	7420	789	7420	681	8101
	16	7430	790	7430	397	7827
	39	7431	791	7431	233	7664
	33	7433	792	7433	721	8154
	45	7460	793	7460	676	8136
	12	7461	794	7461	174	7635
	21	7463	795	7463	85	7548
	34	7465	796	7465	947	8412
	41	7471	797	7471	913	8384
	9	7486	798	7486	271	7757
	6	7487	799	7487	701	8188
	2	7500	800	7500	184	7684
	5	7500	801	7500	279	7779
	44	7503	802	7503	762	8265
	3	7507	803	7507	941	8448
	48	7507	804	7507	704	8211
	10	7525	805	7525	201	7726
	19	7533	806	7533	308	7841
	29	7541	807	7541	89	7630
	21	7548	808	7548	353	7901
	26	7557	809	7557	910	8467
	27	7561	810	7561	222	7783
	28	7579	811	7579	794	8373
	20	7590	812	7590	499	8089
	13	7593	813	7593	991	8584
	1	7603	814	7603	158	7761
	46	7611	815	7611	413	8024
	17	7616	816	7616	394	8010
	18	7623	817	7623	1000	8623
	29	7630	818	7630	723	8353
	40	7635	819	7635	60	7695
	12	7635	820	7635	762	8397
	37	7639	821	7639	890	8529
	39	7664	822	7664	314	7978
	2	7684	823	7684	17	7701
	32	7688	824	7688	262	7950
	40	7695	825	7695	88	7783
	2	7701	826	7701	506	8207
	10	7726	827	7726	47	7773
	42	7754	828	7754	265	8019
	4	7757	829	7757	497	8254
	9	7757	830	7757	927	8684
	1	7761	831	7761	435	8196
	8	7768	832	7768	753	8521
	10	7773	833	7773	670	8443
	5	7779	834	7779	204	7983
	27	7783	835	7783	204	7987
	40	7783	836	7783	608	8391
	47	7786	837	7786	253	8039
	16	7827	838	7827	114	7941
	38	7838	839	7838	799	8637
	19	7841	840	7841	733	8574
	22	7869	841	7869	509	8378
	30	7879	842	7879	273	8152
	43	7889	843	7889	846	8735
	23	7889	844	7889	802	8691
	21	7901	845	7901	994	8895
	0	7904	846	7904	268	8172
	36	7905	847	7905	578	8483
	24	7921	848	7921	79	8000
	25	7931	849	7931	211	8142
	16	7941	850	7941	810	8751
	32	7950	851	7950	526	8476
	39	7978	852	7978	952	8930
	5	7983	853	7983	466	8449
	27	7987	854	7987	322	8309
	7	7989	855	7989	950	8939
	24	8000	856	8000	939	8939
	11	8007	857	8007	356	8363
	17	8010	858	8010	335	8345
	31	8013	859	8013	256	8269
	42	8019	860	8019	868	8887
	46	8024	861	8024	66	8090
	47	8039	862	8039	948	8987
	20	8089	863	8089	969	9058
	46	8090	864	8090	860	8950
	49	8091	865	8091	175	8266
	15	8101	866	8101	338	8439
	14	8111	867	8111	603	8714
	35	8130	868	8130	407	8537
	45	8136	869	8136	779	8915
	25	8142	870	8142	247	8389
	30	8152	871	8152	198	8350
	33	8154	872	8154	564	8718
	0	8172	873	8172	32	8204
	6	8188	874	8188	17	8205
	1	8196	875	8196	37	8233
	0	8204	876	8204	971	9175
	6	8205	877	8205	115	8320
	2	8207	878	8207	443	8650
	48	8211	879	8211	458	8669
	1	8233	880	8233	955	9188
	4	8254	881	8254	988	9242
	44	8265	882	8265	720	8985
	49	8266	883	8266	444	8710
	31	8269	884	8269	345	8614
	27	8309	885	8309	769	9078
	6	8320	886	8320	534	8854
	17	8345	887	8345	424	8769
	30	8350	888	8350	71	8421
	29	8353	889	8353	552	8905
	11	8363	890	8363	404	8767
	28	8373	891	8373	974	9347
	22	8378	892	8378	852	9230
	41	8384	893	8384	452	8836
	25	8389	894	8389	799	9188
	40	8391	895	8391	406	8797
	12	8397	896	8397	153	8550
	34	8412	897	8412	666	9078
	30	8421	898	8421	969	9390
	15	8439	899	8439	443	8882
	10	8443	900	8443	76	8519
	3	8448	901	8448	277	8725
	5	8449	902	8449	948	9397
	26	8467	903	8467	990	9457
	32	8476	904	8476	856	9332
	36	8483	905	8483	342	8825
	10	8519	906	8519	749	9268
	8	8521	907	8521	438	8959
	37	8529	908	8529	821	9350
	35	8537	909	8537	936	9473
	12	8550	910	8550	660	9210
	19	8574	911	8574	86	8660
	13	8584	912	8584	44	8628
	31	8614	913	8614	683	9297
	18	8623	914	8623	195	8818
	13	8628	915	8628	311	8939
	38	8637	916	8637	253	8890
	2	8650	917	8650	663	9313
	19	8660	918	8660	318	8978
	48	8669	919	8669	528	9197
	9	8684	920	8684	124	8808
	23	8691	921	8691	868	9559
	49	8710	922	8710	562	9272
	14	8714	923	8714	779	9493
	33	8718	924	8718	914	9632
	3	8725	925	8725	991	9716
	43	8735	926	8735	200	8935
	16	8751	927	8751	243	8994
	11	8767	928	8767	800	9567
	17	8769	929	8769	367	9136
	40	8797	930	8797	547	9344
	9	8808	931	8808	107	8915
	18	8818	932	8818	193	9011
	36	8825	933	8825	209	9034
	41	8836	934	8836	480	9316
	6	8854	935	8854	344	9198
	15	8882	936	8882	368	9250
	42	8887	937	8887	961	9848
	38	8890	938	8890	175	9065
	21	8895	939	8895	129	9024
	29	8905	940	8905	464	9369
	45	8915	941	8915	778	9693
	9	8915	942	8915	151	9066
	39	8930	943	8930	189	9119
	43	8935	944	8935	123	9058
	7	8939	945	8939	464	9403
	24	8939	946	8939	390	9329
	13	8939	947	8939	398	9337
	46	8950	948	8950	517	9467
	8	8959	949	8959	211	9170
	19	8978	950	8978	65	9043
	44	8985	951	8985	973	9958
	47	8987	952	8987	81	9068
	16	8994	953	8994	615	9609
	18	9011	954	9011	832	9843
	21	9024	955	9024	791	9815
	36	9034	956	9034	884	9918
	19	9043	957	9043	986	10029
	20	9058	958	9058	894	9952
	43	9058	959	9058	438	9496
	38	9065	960	9065	417	9482
	9	9066	961	9066	694	9760
	47	9068	962	9068	624	9692
	27	9078	963	9078	523	9601
	34	9078	964	9078	165	9243
	39	9119	965	9119	544	9663
	17	9136	966	9136	132	9268
	8	9170	967	9170	818	9988
	0	9175	968	9175	773	9948
	1	9188	969	9188	455	9643
	25	9188	970	9188	868	10056
	48	9197	971	9197	38	9235
	6	9198	972	9198	612	9810
	12	9210	973	9210	697	9907
	22	9230	974	9230	403	9633
	48	9235	975	9235	191	9426
	4	9242	976	9242	112	9354
	34	9243	977	9243	386	9629
	15	9250	978	9250	327	9577
	10	9268	979	9268	522	9790
	17	9268	980	9268	343	9611
	49	9272	981	9272	287	9559
	31	9297	982	9297	959	10256
	2	9313	983	9313	704	10017
	41	9316	984	9316	375	9691
	24	9329	985	9329	458	9787
	32	9332	986	9332	647	9979
	13	9337	987	9337	976	10313
	40	9344	988	9344	355	9699
	28	9347	989	9347	246	9593
	37	9350	990	9350	418	9768
	4	9354	991	9354	345	9699
	29	9369	992	9369	69	9438
	30	9390	993	9390	342	9732
	5	9397	994	9397	231	9628
	7	9403	995	9403	163	9566
	48	9426	996	9426	232	9658
	29	9438	997	9438	753	10191
	26	9457	998	9457	448	9905
	46	9467	999	9467	206	9673
10313