20
400
17687
6285
16633
32059
3608
6147
23659
24999
12234
27728
16542
27140
28436
16268
17624
20427
8604
19099
20735
25500
31892
14510
17164
11487
17879
25613
18620
11431
6964
20501
392
18395
17417
1148
31960
7319
16660
11741
26740
18128
3719
10096
827
22583
19546
21016
10263
1888
16613
23716
1328
23076
27054
24910
21344
20292
3712
31880
8680
19278
2749
16633
2657
19653
16628
11458
24821
11132
27830
1029
13518
26435
18086
13480
13519
18885
11984
10070
19586
24497
20796
8647
3410
3352
30914
7746
14331
16663
1055
15456
31294
3253
12617
12050
13529
8462
13056
19429
23990
30898
17574
8069
21091
12360
12368
11136
11970
21111
31517
12621
31746
6918
11207
11917
19405
30017
24439
28304
5059
14751
8414
21787
23848
28323
13697
18025
7385
4352
21844
20591
18309
9984
139
31077
30233
8998
26541
22401
11900
23059
6634
22022
9341
4006
28078
19325
1802
24423
22390
17730
11682
1062
8931
11331
14860
17119
16908
9989
586
31969
10009
23784
22217
11567
23566
32427
30938
21799
19684
14386
21862
7265
30686
28551
22492
10202
30746
29984
26991
27730
7783
2400
28799
32754
3158
23391
25684
12082
1428
25838
18706
22778
27510
18390
10217
22023
5846
4193
22413
28561
1054
284
10470
10539
1442
19418
19464
25066
28723
23548
357
4297
30192
5616
27457
8268
9056
12280
4967
11620
12990
2093
31003
11667
10644
7107
15183
16464
29836
910
13082
12205
30082
6597
4709
25655
14301
11527
23272
20510
16160
25755
16725
5526
9148
14844
20690
27772
29225
11157
25261
2877
52
3273
15947
5876
11419
5942
30050
24274
15575
8507
20584
26307
19769
7607
24396
1358
1848
18708
611
6333
4618
10117
32677
6015
29041
14475
30745
32714
18136
958
20878
27269
10398
25290
26764
17764
946
11448
7818
30805
15200
9839
6241
31259
31594
23674
16641
6200
28763
18955
25699
30225
23064
28992
30399
1869
11448
18598
23550
2430
13205
8700
17266
16643
27299
28217
27589
32045
513
720
25391
10144
16334
17458
6124
25340
13374
22932
19694
31933
29677
19955
18127
13920
19571
16982
17673
10696
10040
5460
7017
19679
3722
9173
32705
22656
2284
1821
24542
5781
16049
29702
21433
23420
7626
8076
32753
11952
28637
19599
31865
26277
5783
26325
5006
15347
25154
20303
27885
6071
13978
15773
31042
8502
29148
23251
12771
20164
18977
31102
190
32229
5354
3810
25745
22193
11516
20870
9561
32381
27246
8435
11532
23991
24832
6840
22666
32018
22702
