60
431
44
36
44
35
34
18
43
37
30
28
40
46
21
5
34
22
22
34
30
45
43
35
41
22
9
8
38
29
31
48
4
8
2
34
7
28
16
30
50
41
26
34
4
39
3
29
13
13
6
49
28
6
23
37
39
2
28
26
3
28
19
20
35
4
2
49
47
18
33
25
37
7
22
43
24
24
3
36
44
18
11
47
4
9
46
49
47
45
39
35
26
13
45
47
11
34
7
2
29
49
1
27
20
39
23
30
23
31
37
47
49
37
48
45
2
41
35
34
14
23
14
4
12
4
33
40
42
48
1
5
30
3
24
3
6
22
29
39
26
42
9
28
8
49
39
46
28
26
37
30
38
50
7
6
45
37
30
34
30
38
18
7
2
43
40
44
48
5
34
41
12
15
42
1
14
17
16
15
2
33
17
14
44
12
43
41
5
18
38
21
7
4
32
50
30
27
25
48
8
21
13
29
43
46
13
45
6
19
22
39
37
12
27
37
34
5
4
14
1
29
7
50
19
38
48
2
39
33
23
20
15
35
30
4
23
11
18
13
33
14
17
45
8
15
25
42
9
30
18
37
50
40
28
11
36
50
31
50
19
18
36
6
35
29
3
25
35
2
23
15
4
14
14
5
16
9
16
46
8
31
39
16
35
16
10
36
40
1
45
11
2
27
29
43
5
14
49
24
42
10
14
35
27
10
47
24
27
27
14
4
6
37
2
26
46
39
17
10
12
13
8
21
3
47
41
25
14
2
10
24
33
25
46
16
50
26
18
37
49
16
49
49
47
13
2
4
24
6
29
32
39
44
24
24
41
17
47
35
18
5
27
37
8
34
29
22
20
17
50
1
37
21
105
66
79
143
44
64
62
73
136
50
120
128
119
81
73
130
40
118
100
137
91
123
55
106
59
89
134
95
66
115
135
116
112
94
118
166
94
90
53
117
74
130
69
131
112
70
168
83
57
112
93
61
103
133
155
64
110
145
144
