79
568
73
39
41
52
44
77
11
42
38
70
13
74
1
14
68
70
19
22
67
74
38
12
64
73
8
76
41
10
56
77
34
69
35
66
71
1
13
72
2
68
70
23
50
71
28
29
69
77
35
72
54
1
7
8
33
31
28
68
71
55
8
42
25
31
65
12
8
15
46
50
26
65
61
25
18
50
49
29
42
32
31
7
9
13
15
30
42
68
1
71
38
78
31
49
18
34
43
15
31
31
21
18
20
44
52
31
49
47
46
43
71
74
65
29
65
68
16
63
58
4
59
34
14
52
31
39
63
17
25
71
8
39
39
8
30
70
3
61
30
56
30
1
8
72
20
49
1
26
51
51
23
74
7
33
22
78
25
60
55
35
55
27
66
66
7
32
8
23
66
12
35
62
13
7
34
43
46
43
40
32
18
70
7
29
69
21
15
6
19
73
73
45
50
66
15
49
53
73
10
57
61
68
51
69
14
4
37
37
50
37
43
26
60
15
38
35
13
20
29
18
54
72
32
41
6
50
75
40
14
19
6
63
70
69
78
77
63
50
48
74
36
12
51
16
16
47
55
34
71
20
34
61
69
31
15
8
4
11
73
65
40
14
13
2
31
72
51
40
47
38
53
75
21
17
8
55
42
14
20
55
36
40
11
46
48
43
51
19
75
75
16
47
71
37
5
1
34
3
7
47
10
42
31
7
23
56
35
12
72
20
51
57
76
16
20
69
33
28
9
14
71
70
72
21
39
29
17
47
33
18
41
77
20
30
51
42
76
43
43
19
60
5
66
8
70
3
68
69
24
13
78
16
48
49
24
22
48
62
60
58
73
72
46
2
67
43
50
11
58
74
9
59
34
9
30
35
64
15
2
19
9
20
8
35
46
19
60
17
70
28
8
24
44
17
68
62
64
65
39
33
35
7
4
55
35
71
37
61
47
42
75
23
75
27
76
67
43
56
56
58
62
5
67
54
8
71
18
63
39
64
37
18
66
37
42
61
42
28
74
75
63
65
6
65
75
61
52
47
18
32
77
69
18
71
50
69
19
29
48
26
7
53
5
35
51
29
64
43
29
4
29
17
40
12
60
42
45
46
2
67
57
28
20
27
67
5
12
55
23
39
55
133
124
197
179
220
235
145
180
81
136
180
159
123
104
259
192
206
150
157
196
156
142
229
183
206
234
106
229
145
73
113
139
53
214
241
160
186
115
213
157
132
99
101
145
141
220
156
117
115
236
151
239
231
137
144
282
173
196
191
289
262
232
174
289
289
291
136
174
228
160
146
217
230
150
138
212
106
