30
400
17755
2626
31332
13101
23606
23073
23485
29062
31297
29691
13436
28065
1833
3293
24907
24079
14725
12812
26412
27999
9474
11930
4795
27721
29629
28472
7347
29740
20208
22603
30644
3515
15057
16962
11076
12274
27063
4134
24595
11088
19071
5234
387
21824
22062
14374
6247
2008
24791
6167
17163
18885
29120
3209
28278
12934
26304
20223
13547
24281
26347
12882
1462
2419
26738
8449
31269
7156
19908
21960
31700
19482
24057
628
8237
6453
7281
22773
23856
15835
17336
10933
31600
27100
26541
4648
26974
22648
740
23205
21450
5840
29512
6772
10151
3739
10757
13096
24847
10522
4773
11310
19335
7758
30072
7079
6019
17512
22842
4467
26925
29569
10224
14478
17506
20875
6931
8864
31229
6792
13040
29135
31321
14586
15695
21720
12561
17050
12115
2398
19978
11596
22177
22658
8116
20563
9668
16819
25228
1473
8145
18375
10726
50
10054
5195
17897
10426
13368
25880
19163
6428
13742
30759
7583
1597
8776
27047
10619
11992
31780
14412
8991
8818
19457
25577
31971
29841
22437
23105
28753
12329
6013
9755
16611
8023
12164
5268
7181
15185
28517
17593
14974
22686
7652
21845
9892
25474
4986
9480
19566
16573
26687
22681
13909
9845
14606
7053
7069
368
18403
20217
9176
14982
31623
6804
941
28758
624
5136
22231
31033
7394
28843
23408
16756
21083
29953
29296
22962
5678
5924
2417
18865
8046
1774
20917
31547
30733
4246
26729
20824
1861
3458
21547
16322
6967
22364
31691
30361
13779
29032
31310
30296
8439
23573
29753
8200
3547
18130
21004
5555
17324
5154
1036
32540
8567
25587
13125
1709
30537
6188
976
8881
31381
1925
19538
32451
22997
21147
26309
6534
13172
3908
32379
27287
29676
15903
32607
9408
24364
15984
2687
26735
18748
13355
5063
31334
16931
5199
3343
21171
14601
19317
16985
6115
23193
12969
19283
23155
11945
18040
13860
9351
14621
21578
20324
12766
8712
4595
11116
25606
10517
21380
21713
18124
26662
21351
17451
14583
10554
16555
1307
3382
21396
1948
11404
14166
13338
2199
1080
22968
9467
12572
3950
18179
22676
11045
19731
19478
19349
5814
23272
22081
8799
438
24074
18868
30129
4605
21695
7223
21124
5550
13679
2076
28979
28103
32497
27506
26591
1782
7689
10108
23570
21679
19502
5218
30626
635
19344
23845
9433
20371
9305
22488
21970
18605
18227
11790
23334
21526
14603
27023
3529
17409
11285
14671
20526
25375
10769
672
10930
12143
13260
4774
1847
14168
31209
1035
20495
