30
300
16475
16323
8161
17466
10757
23890
15820
29674
14050
14901
5879
10798
6913
5197
9100
10524
20600
31853
29666
14136
23812
5483
17223
30511
6895
18806
10237
26568
2359
27049
1154
8215
26348
27617
7700
7156
7642
15052
31861
11435
16488
19523
30444
25077
7872
29146
4748
32551
14128
6069
5560
20650
1488
26013
29927
30123
30566
30290
31909
29203
902
6435
23771
7354
12798
20925
31055
15831
3953
2625
9070
29116
21825
11161
8522
9152
18610
4107
9695
13692
5453
1038
7834
9786
9859
18781
31260
20138
17555
20555
19515
1239
30894
6998
29513
15450
31832
254
8857
30413
14353
16344
30272
6275
5429
6366
29721
30070
10017
25609
7692
10881
28567
21282
31119
5840
16996
22229
12396
2452
3135
23047
11973
30715
245
18281
25174
20319
29891
3405
32507
14270
25859
5049
27762
23146
29708
22714
16737
257
23635
9979
28571
8352
7894
6806
1439
9556
28858
26666
10594
4561
11314
6702
12366
18279
18596
14469
30858
2609
7687
3666
26492
5520
30608
525
12684
21719
14733
13271
20267
5192
7825
22026
17172
15936
20433
29717
5586
30894
23758
7047
10883
14025
22068
7017
20699
4867
4098
19921
14444
1336
20204
8116
10532
18732
25854
19196
9495
2356
385
30426
22398
8499
14370
12894
29952
3528
849
32069
28977
23494
17896
21266
11609
11237
4109
27744
1142
7863
11097
10870
22660
15581
12858
24860
1275
12154
13973
29357
23194
23784
15280
29294
2147
15786
1872
16670
5607
32162
3614
22478
21187
15748
32591
13555
24427
2187
13188
8122
13094
21099
751
13723
17242
4486
18104
30257
12298
18786
2463
16713
6557
6491
11234
31545
993
9109
32353
19315
27215
24629
6400
10585
27025
12497
28749
11091
8769
18468
28259
19487
14580
14855
4878
6761
6007
18333
24367
1692
21336
15309
3938
17143
23976
27637
27103
27107
24576
12508
9118
