88
705
41
14
47
55
87
84
79
17
36
69
75
63
10
29
65
42
95
41
11
15
48
114
64
39
15
95
107
21
96
114
98
88
41
79
97
10
32
16
80
95
25
4
67
42
56
25
16
93
12
55
62
48
109
7
84
12
112
68
88
24
88
9
66
67
54
100
79
75
28
81
74
86
63
73
104
47
20
28
98
43
68
85
9
20
11
38
85
109
109
100
86
40
17
35
47
29
99
85
40
19
85
79
115
52
5
37
73
60
45
95
78
82
95
68
90
82
79
94
1
74
102
86
22
20
60
33
91
20
70
10
68
106
24
75
29
114
60
23
8
114
108
82
36
115
60
42
114
20
4
87
106
83
52
114
62
53
1
18
77
41
103
84
27
24
95
76
54
31
84
7
116
112
8
27
12
118
44
25
18
24
112
98
47
40
71
56
71
4
7
30
117
68
103
43
77
85
10
10
72
93
60
77
21
8
98
12
53
35
7
49
40
31
91
38
31
24
14
1
58
119
111
70
27
4
102
61
34
8
24
110
42
74
76
82
115
104
49
44
33
9
35
96
70
33
54
83
20
108
106
20
54
62
24
40
119
99
3
76
106
18
90
31
27
71
13
93
94
9
102
60
48
25
107
56
34
13
57
114
61
52
91
57
26
107
19
31
49
63
87
23
77
115
120
109
53
20
103
47
46
83
73
50
56
12
77
25
38
101
75
49
42
80
88
48
80
92
47
48
49
65
26
54
99
83
89
104
15
41
89
103
108
102
73
41
98
112
50
89
65
95
69
107
91
120
89
34
7
74
29
29
95
97
98
82
20
74
5
65
1
118
100
77
78
82
47
118
70
53
1
98
43
44
30
61
32
59
95
47
86
53
52
85
11
110
2
106
57
39
109
111
99
58
8
97
21
78
2
67
84
13
35
99
20
4
23
113
73
107
106
109
63
21
37
8
78
18
16
15
120
43
57
35
101
102
59
68
58
35
11
47
109
14
39
53
116
71
72
6
102
70
17
102
57
106
88
15
62
51
85
31
27
70
88
28
39
98
24
101
75
41
81
66
79
9
110
103
99
116
120
37
23
77
69
25
108
107
4
113
85
50
16
28
112
120
115
114
26
102
45
84
18
80
45
45
28
71
23
57
9
4
63
60
60
95
45
103
48
82
26
6
89
39
106
93
25
73
17
109
28
106
3
106
93
32
55
55
90
69
11
51
62
15
110
109
38
46
82
78
102
101
73
47
12
10
66
51
28
81
91
6
102
85
49
14
62
40
78
8
3
102
82
102
10
69
45
120
3
56
76
24
52
13
26
35
12
18
89
93
91
87
81
68
57
72
80
16
84
26
2
81
86
88
3
89
117
94
75
107
116
78
58
29
67
49
60
66
83
105
118
35
77
36
58
39
11
75
15
48
343
224
307
368
170
225
369
365
111
239
264
339
324
246
212
316
306
263
358
258
367
308
215
261
180
264
149
256
232
449
185
285
197
311
332
277
210
246
376
405
502
275
112
282
256
455
267
260
228
378
258
254
218
322
175
208
263
119
409
359
298
247
290
397
71
87
209
377
320
116
125
146
235
291
306
395
218
109
173
287
295
167
328
368
466
269
82
