45
809
30
39
59
1
34
27
27
11
29
33
34
16
55
2
42
19
54
42
52
42
32
1
63
18
14
11
64
32
19
12
22
7
47
45
56
4
50
49
54
12
16
53
44
55
26
63
36
40
63
17
22
4
10
30
60
41
51
29
39
64
15
46
10
42
12
9
23
61
53
11
30
62
20
18
30
33
60
1
45
8
17
52
42
25
26
6
59
65
53
31
7
16
12
6
29
17
11
12
51
5
18
1
28
28
47
30
37
19
47
11
20
23
11
13
16
19
24
9
35
53
14
51
7
2
10
25
25
24
11
22
52
35
38
29
53
40
10
55
18
37
42
34
41
51
29
32
11
3
53
34
28
31
13
10
34
32
9
16
22
41
10
18
45
39
64
3
57
15
21
23
30
13
36
13
61
59
6
61
64
3
13
44
21
17
18
32
1
6
47
3
35
19
16
54
21
3
14
14
43
9
24
66
28
31
57
50
33
57
26
62
46
29
63
56
52
16
3
54
39
52
23
47
18
43
53
56
4
2
16
67
28
54
40
50
4
62
65
37
47
3
60
65
6
31
17
54
36
44
41
26
1
64
13
54
66
60
41
37
55
15
34
4
24
55
49
4
49
42
64
38
60
39
26
57
16
64
1
10
31
24
15
31
26
24
16
49
66
9
42
16
65
33
21
43
59
43
45
22
23
7
45
22
38
29
11
23
56
4
61
1
21
19
37
49
24
7
17
29
53
21
12
15
33
21
54
55
9
40
46
6
30
16
56
15
2
44
39
29
9
30
26
8
54
17
21
45
12
52
58
28
53
25
51
11
61
25
50
14
36
62
20
8
64
11
59
3
57
64
16
24
53
65
45
4
60
65
55
15
49
26
19
65
28
8
12
56
9
65
61
9
29
49
11
28
31
46
63
36
31
12
12
30
11
13
64
56
27
62
21
25
7
18
50
2
17
11
45
7
51
49
42
32
13
15
29
62
61
58
7
52
26
67
48
8
7
59
65
19
16
55
40
13
20
15
3
11
56
20
37
66
63
36
17
60
23
18
27
57
67
7
13
50
11
63
19
66
55
9
18
58
27
63
40
5
34
32
61
38
52
59
33
54
16
59
39
41
14
55
50
43
57
30
43
66
33
36
47
61
23
46
22
47
56
46
47
25
51
39
47
11
39
33
27
53
49
41
37
36
23
36
27
61
3
3
58
51
64
4
13
58
2
38
16
27
33
19
23
56
25
37
58
29
62
21
43
42
12
60
45
22
18
13
29
10
50
44
1
55
7
64
5
59
50
9
3
35
34
57
25
10
19
51
12
42
36
45
46
53
51
30
15
12
36
23
24
25
50
27
65
56
47
21
61
12
3
21
25
66
56
26
58
13
2
8
40
39
3
51
24
22
13
17
30
67
48
36
64
34
14
58
31
56
35
19
54
22
56
19
57
45
44
64
18
6
44
53
49
56
17
38
48
10
51
47
11
18
26
7
21
47
2
58
64
47
16
54
60
49
54
51
45
50
7
22
15
7
42
28
55
31
56
67
5
22
19
58
2
13
20
28
42
19
25
51
43
63
40
57
48
18
58
50
59
28
21
26
48
40
2
2
3
21
47
6
14
18
1
54
36
46
66
47
37
51
7
23
37
48
35
18
1
47
49
52
31
22
30
39
65
8
34
1
19
60
37
28
62
30
62
13
66
18
20
3
63
51
48
48
37
55
48
47
60
9
26
38
64
57
50
49
31
27
7
25
24
111
233
131
238
154
248
321
117
117
327
170
245
190
69
234
96
92
362
205
258
181
106
88
390
254
261
52
111
204
122
142
271
198
181
230
137
127
130
202
296
92
184
52
152
