34
129
32
34
38
35
26
9
13
8
21
20
27
29
5
25
17
28
25
14
41
44
45
4
4
7
23
14
24
21
30
28
44
44
46
31
11
4
22
9
9
40
21
13
14
5
21
40
37
21
47
27
16
48
9
4
19
8
29
16
22
27
10
45
49
21
41
3
40
46
44
36
33
21
43
38
42
46
17
44
40
20
23
31
50
26
5
42
23
42
20
5
10
29
13
43
23
42
69
82
63
91
78
69
80
89
104
87
68
67
91
79
75
110
52
83
66
72
139
113
104
98
72
99
90
77
107
71
109
70
79