30
200
117
111
1325
1078
620
1360
1073
50
296
782
1305
1264
1368
509
1273
955
1470
501
281
53
1188
124
1921
505
159
1766
1375
1424
979
1739
29
1095
201
1705
524
1172
1064
1596
1222
1359
378
878
975
97
1738
247
1052
1559
748
1332
1612
1935
1807
1532
792
318
1649
166
1741
628
257
121
1722
457
177
246
1981
1240
193
1202
950
570
431
1924
667
521
523
1718
79
1270
1401
1690
1556
1208
1573
347
1525
1222
513
1617
201
769
89
1922
1577
265
519
1557
1856
712
1110
805
1633
1893
1081
299
413
1603
368
491
872
121
533
427
1328
105
1126
1204
1678
1638
820
1878
758
1260
152
686
1524
1022
595
1379
85
1704
535
1718
1948
1615
368
360
1217
736
1203
440
856
87
1219
535
543
344
1738
221
333
909
98
1442
168
601
479
43
1623
1073
1421
1707
1129
307
1424
1076
1922
144
1788
1490
879
1342
282
86
1428
1500
972
1970
195
1061
542
879
1969
640
672
488
1592
1150
530
1214
223
302
1273
1351
608
696
778
881
1191
565
