task times: 117, 111, 1325, 1078, 620, 1360, 1073, 50, 296, 782, 1305, 1264, 1368, 509, 1273, 955, 1470, 501, 281, 53, 1188, 124, 1921, 505, 159, 1766, 1375, 1424, 979, 1739, 29, 1095, 201, 1705, 524, 1172, 1064, 1596, 1222, 1359, 378, 878, 975, 97, 1738, 247, 1052, 1559, 748, 1332, 1612, 1935, 1807, 1532, 792, 318, 1649, 166, 1741, 628, 257, 121, 1722, 457, 177, 246, 1981, 1240, 193, 1202, 950, 570, 431, 1924, 667, 521, 523, 1718, 79, 1270, 1401, 1690, 1556, 1208, 1573, 347, 1525, 1222, 513, 1617, 201, 769, 89, 1922, 1577, 265, 519, 1557, 1856, 712, 1110, 805, 1633, 1893, 1081, 299, 413, 1603, 368, 491, 872, 121, 533, 427, 1328, 105, 1126, 1204, 1678, 1638, 820, 1878, 758, 1260, 152, 686, 1524, 1022, 595, 1379, 85, 1704, 535, 1718, 1948, 1615, 368, 360, 1217, 736, 1203, 440, 856, 87, 1219, 535, 543, 344, 1738, 221, 333, 909, 98, 1442, 168, 601, 479, 43, 1623, 1073, 1421, 1707, 1129, 307, 1424, 1076, 1922, 144, 1788, 1490, 879, 1342, 282, 86, 1428, 1500, 972, 1970, 195, 1061, 542, 879, 1969, 640, 672, 488, 1592, 1150, 530, 1214, 223, 302, 1273, 1351, 608, 696, 778, 881, 1191, 565, 
proc_nr | curr_time | task_nr | task_beg | task_time | task_end
	0	0	0	0	117	117
	1	0	1	0	111	111
	2	0	2	0	1325	1325
	3	0	3	0	1078	1078
	4	0	4	0	620	620
	5	0	5	0	1360	1360
	6	0	6	0	1073	1073
	7	0	7	0	50	50
	8	0	8	0	296	296
	9	0	9	0	782	782
	10	0	10	0	1305	1305
	11	0	11	0	1264	1264
	12	0	12	0	1368	1368
	13	0	13	0	509	509
	14	0	14	0	1273	1273
	15	0	15	0	955	955
	16	0	16	0	1470	1470
	17	0	17	0	501	501
	18	0	18	0	281	281
	19	0	19	0	53	53
	20	0	20	0	1188	1188
	21	0	21	0	124	124
	22	0	22	0	1921	1921
	23	0	23	0	505	505
	24	0	24	0	159	159
	25	0	25	0	1766	1766
	26	0	26	0	1375	1375
	27	0	27	0	1424	1424
	28	0	28	0	979	979
	29	0	29	0	1739	1739
	7	50	30	50	29	79
	19	53	31	53	1095	1148
	7	79	32	79	201	280
	1	111	33	111	1705	1816
	0	117	34	117	524	641
	21	124	35	124	1172	1296
	24	159	36	159	1064	1223
	7	280	37	280	1596	1876
	18	281	38	281	1222	1503
	8	296	39	296	1359	1655
	17	501	40	501	378	879
	23	505	41	505	878	1383
	13	509	42	509	975	1484
	4	620	43	620	97	717
	0	641	44	641	1738	2379
	4	717	45	717	247	964
	9	782	46	782	1052	1834
	17	879	47	879	1559	2438
	15	955	48	955	748	1703
	4	964	49	964	1332	2296
	28	979	50	979	1612	2591
	6	1073	51	1073	1935	3008
	3	1078	52	1078	1807	2885
	19	1148	53	1148	1532	2680
	20	1188	54	1188	792	1980
	24	1223	55	1223	318	1541
	11	1264	56	1264	1649	2913
	14	1273	57	1273	166	1439
	21	1296	58	1296	1741	3037
	10	1305	59	1305	628	1933
	2	1325	60	1325	257	1582
	5	1360	61	1360	121	1481
	12	1368	62	1368	1722	3090
	26	1375	63	1375	457	1832
	23	1383	64	1383	177	1560
	27	1424	65	1424	246	1670
	14	1439	66	1439	1981	3420
	16	1470	67	1470	1240	2710
	5	1481	68	1481	193	1674
	13	1484	69	1484	1202	2686
	18	1503	70	1503	950	2453
	24	1541	71	1541	570	2111
	23	1560	72	1560	431	1991
	2	1582	73	1582	1924	3506
	8	1655	74	1655	667	2322
	27	1670	75	1670	521	2191
	5	1674	76	1674	523	2197
	15	1703	77	1703	1718	3421
	29	1739	78	1739	79	1818
	25	1766	79	1766	1270	3036
	1	1816	80	1816	1401	3217
	29	1818	81	1818	1690	3508
	26	1832	82	1832	1556	3388
	9	1834	83	1834	1208	3042
	7	1876	84	1876	1573	3449
	22	1921	85	1921	347	2268
	10	1933	86	1933	1525	3458
	20	1980	87	1980	1222	3202
	23	1991	88	1991	513	2504
	24	2111	89	2111	1617	3728
	27	2191	90	2191	201	2392
	5	2197	91	2197	769	2966
	22	2268	92	2268	89	2357
	4	2296	93	2296	1922	4218
	8	2322	94	2322	1577	3899
	22	2357	95	2357	265	2622
	0	2379	96	2379	519	2898
	27	2392	97	2392	1557	3949
	17	2438	98	2438	1856	4294
	18	2453	99	2453	712	3165
	23	2504	100	2504	1110	3614
	28	2591	101	2591	805	3396
	22	2622	102	2622	1633	4255
	19	2680	103	2680	1893	4573
	13	2686	104	2686	1081	3767
	16	2710	105	2710	299	3009
	3	2885	106	2885	413	3298
	0	2898	107	2898	1603	4501
	11	2913	108	2913	368	3281
	5	2966	109	2966	491	3457
	6	3008	110	3008	872	3880
	16	3009	111	3009	121	3130
	25	3036	112	3036	533	3569
	21	3037	113	3037	427	3464
	9	3042	114	3042	1328	4370
	12	3090	115	3090	105	3195
	16	3130	116	3130	1126	4256
	18	3165	117	3165	1204	4369
	12	3195	118	3195	1678	4873
	20	3202	119	3202	1638	4840
	1	3217	120	3217	820	4037
	11	3281	121	3281	1878	5159
	3	3298	122	3298	758	4056
	26	3388	123	3388	1260	4648
	28	3396	124	3396	152	3548
	14	3420	125	3420	686	4106
	15	3421	126	3421	1524	4945
	7	3449	127	3449	1022	4471
	5	3457	128	3457	595	4052
	10	3458	129	3458	1379	4837
	21	3464	130	3464	85	3549
	2	3506	131	3506	1704	5210
	29	3508	132	3508	535	4043
	28	3548	133	3548	1718	5266
	21	3549	134	3549	1948	5497
	25	3569	135	3569	1615	5184
	23	3614	136	3614	368	3982
	24	3728	137	3728	360	4088
	13	3767	138	3767	1217	4984
	6	3880	139	3880	736	4616
	8	3899	140	3899	1203	5102
	27	3949	141	3949	440	4389
	23	3982	142	3982	856	4838
	1	4037	143	4037	87	4124
	29	4043	144	4043	1219	5262
	5	4052	145	4052	535	4587
	3	4056	146	4056	543	4599
	24	4088	147	4088	344	4432
	14	4106	148	4106	1738	5844
	1	4124	149	4124	221	4345
	4	4218	150	4218	333	4551
	22	4255	151	4255	909	5164
	16	4256	152	4256	98	4354
	17	4294	153	4294	1442	5736
	1	4345	154	4345	168	4513
	16	4354	155	4354	601	4955
	18	4369	156	4369	479	4848
	9	4370	157	4370	43	4413
	27	4389	158	4389	1623	6012
	9	4413	159	4413	1073	5486
	24	4432	160	4432	1421	5853
	7	4471	161	4471	1707	6178
	0	4501	162	4501	1129	5630
	1	4513	163	4513	307	4820
	4	4551	164	4551	1424	5975
	19	4573	165	4573	1076	5649
	5	4587	166	4587	1922	6509
	3	4599	167	4599	144	4743
	6	4616	168	4616	1788	6404
	26	4648	169	4648	1490	6138
	3	4743	170	4743	879	5622
	1	4820	171	4820	1342	6162
	10	4837	172	4837	282	5119
	23	4838	173	4838	86	4924
	20	4840	174	4840	1428	6268
	18	4848	175	4848	1500	6348
	12	4873	176	4873	972	5845
	23	4924	177	4924	1970	6894
	15	4945	178	4945	195	5140
	16	4955	179	4955	1061	6016
	13	4984	180	4984	542	5526
	8	5102	181	5102	879	5981
	10	5119	182	5119	1969	7088
	15	5140	183	5140	640	5780
	11	5159	184	5159	672	5831
	22	5164	185	5164	488	5652
	25	5184	186	5184	1592	6776
	2	5210	187	5210	1150	6360
	29	5262	188	5262	530	5792
	28	5266	189	5266	1214	6480
	9	5486	190	5486	223	5709
	21	5497	191	5497	302	5799
	13	5526	192	5526	1273	6799
	3	5622	193	5622	1351	6973
	0	5630	194	5630	608	6238
	19	5649	195	5649	696	6345
	22	5652	196	5652	778	6430
	9	5709	197	5709	881	6590
	17	5736	198	5736	1191	6927
	15	5780	199	5780	565	6345
7088